Rank-1: 88.47%
Rank-5: 98.53%

             precision    recall  f1-score   support

          0       0.83      1.00      0.91         5
          1       1.00      1.00      1.00        12
          2       0.92      0.85      0.88        13
          3       0.93      1.00      0.96        13
          4       0.60      0.43      0.50         7
          5       0.88      0.70      0.78        10
          6       0.90      0.64      0.75        14
          7       1.00      0.91      0.95        11
          8       0.89      1.00      0.94         8
          9       0.83      1.00      0.91        10
         10       0.80      1.00      0.89         8
         11       0.79      1.00      0.88        11
         12       0.80      0.57      0.67         7
         13       1.00      1.00      1.00         6
         14       0.92      0.92      0.92        13
         15       1.00      0.80      0.89         5
         16       0.89      1.00      0.94         8
         17       1.00      1.00      1.00        14
         18       1.00      0.75      0.86         4
         19       1.00      1.00      1.00         9
         20       1.00      1.00      1.00         7
         21       0.71      0.71      0.71         7
         22       1.00      0.89      0.94         9
         23       1.00      0.83      0.91         6
         24       0.62      0.83      0.71         6
         25       1.00      0.88      0.93         8
         26       1.00      1.00      1.00         9
         27       0.88      1.00      0.93         7
         28       0.86      0.75      0.80         8
         29       0.75      0.75      0.75         8
         30       1.00      1.00      1.00         8
         31       0.91      1.00      0.95        10
         32       0.83      0.83      0.83         6
         33       0.67      0.67      0.67         3
         34       1.00      0.83      0.91         6
         35       0.67      1.00      0.80         6
         36       0.80      1.00      0.89         8
         37       1.00      0.83      0.91         6
         38       1.00      0.89      0.94         9
         39       0.88      0.70      0.78        10
         40       1.00      0.85      0.92        13
         41       0.91      0.91      0.91        11
         42       0.92      0.92      0.92        13
         43       0.60      0.30      0.40        10
         44       0.75      1.00      0.86         3
         45       0.86      0.86      0.86         7
         46       0.86      0.75      0.80         8
         47       1.00      1.00      1.00         1
         48       0.91      0.83      0.87        12
         49       0.83      1.00      0.91         5
         50       0.92      0.92      0.92        12
         51       1.00      1.00      1.00         7
         52       0.88      0.88      0.88         8
         53       0.71      0.71      0.71         7
         54       0.90      1.00      0.95         9
         55       1.00      1.00      1.00         7
         56       0.90      0.90      0.90        10
         57       1.00      1.00      1.00        10
         58       0.80      1.00      0.89         4
         59       0.73      0.80      0.76        10
         60       0.73      0.92      0.81        12
         61       1.00      1.00      1.00        12
         62       1.00      1.00      1.00         5
         63       1.00      1.00      1.00         6
         64       1.00      0.80      0.89         5
         65       1.00      1.00      1.00         5
         66       0.91      0.91      0.91        11
         67       1.00      1.00      1.00        10
         68       0.92      0.92      0.92        12
         69       1.00      1.00      1.00        12
         70       0.70      0.70      0.70        10
         71       0.33      0.67      0.44         3
         72       0.70      1.00      0.82         7
         73       0.77      1.00      0.87        10
         74       1.00      0.91      0.95        11
         75       1.00      1.00      1.00         8
         76       0.75      0.60      0.67        10
         77       1.00      0.90      0.95        10
         78       0.91      0.91      0.91        11
         79       1.00      0.83      0.91         6
         80       1.00      1.00      1.00        12
         81       1.00      1.00      1.00        10
         82       1.00      1.00      1.00         4
         83       1.00      1.00      1.00         6
         84       1.00      1.00      1.00        10
         85       1.00      0.83      0.91         6
         86       1.00      1.00      1.00        10
         87       1.00      1.00      1.00         7
         88       1.00      1.00      1.00         9
         89       0.88      0.88      0.88         8
         90       0.80      0.80      0.80        10
         91       1.00      1.00      1.00         8
         92       1.00      0.92      0.96        13
         93       1.00      1.00      1.00         9
         94       1.00      1.00      1.00         9
         95       0.90      1.00      0.95         9
         96       0.86      1.00      0.92         6
         97       0.81      0.81      0.81        16
         98       1.00      0.86      0.92         7
         99       1.00      0.88      0.93         8
        100       0.90      0.75      0.82        12
        101       0.67      0.80      0.73        10
        102       0.58      0.78      0.67         9
        103       1.00      0.71      0.83         7
        104       0.56      0.83      0.67         6
        105       1.00      0.71      0.83        14
        106       0.71      1.00      0.83         5
        107       1.00      1.00      1.00        11
        108       1.00      0.83      0.91         6
        109       0.78      0.78      0.78         9
        110       0.67      0.83      0.74        12
        111       0.50      1.00      0.67         3
        112       1.00      1.00      1.00         5
        113       0.67      0.67      0.67         6
        114       1.00      0.75      0.86         8
        115       1.00      1.00      1.00         5
        116       1.00      1.00      1.00         6
        117       0.92      0.80      0.86        15
        118       0.82      0.82      0.82        11
        119       0.75      0.75      0.75         8

avg / total       0.90      0.88      0.88      1023

